0 79 -22 -52 0 80 -26 -60 0 77 -20 -63 0 75 -15 -65 0 77 -17 -65 0 81 -21 -62 0 
77 -28 -60 0 74 -34 -57 0 75 -37 -54 0 77 -39 -53 0 74 -42 -49 0 74 -51 -48 0 78 
-43 -57 0 36 -32 -50 0 51 -16 -67 0 82 -22 -62 0 103 -37 -54 0 100 -53 -52 0 82 -49 
-56 0 72 -40 -55 0 64 -33 -51 0 64 -35 -47 0 69 -42 -44 0 72 -45 -49 0 71 -42 -54 
0 72 -38 -54 0 73 -38 -54 0 76 -39 -54 0 79 -37 -58 0 79 -36 -60 0 80 -34 -57 0 
80 -34 -55 0 82 -35 -54 0 80 -40 -55 0 72 -46 -55 0 70 -47 -54 0 70 -45 -54 0 71 
-42 -53 0 74 -42 -53 0 75 -40 -54 0 76 -38 -54 0 77 -36 -53 0 79 -37 -53 0 79 -41 
-51 0 81 -40 -52 0 80 -39 -51 0 81 -39 -49 0 78 -39 -51 0 75 -40 -53 0 66 -38 -55 
0 64 -36 -53 0 63 -34 -53 0 63 -34 -49 0 61 -35 -47 0 64 -35 -53 0 68 -31 -55 0 
71 -28 -54 0 68 -29 -56 0 67 -29 -56 0 68 -30 -56 0 71 -34 -56 0 73 -39 -55 0 75 
-44 -54 0 74 -45 -55 0 69 -40 -57 0 67 -33 -60 0 62 -33 -62 0 59 -36 -62 0 57 -37 
-63 0 62 -37 -64 0 58 -41 -60 0 57 -37 -60 0 57 -36 -62 0 56 -37 -72 0 58 -46 -76 
0 58 -49 -67 0 60 -48 -68 0 62 -40 -69 0 64 -32 -69 0 64 -29 -68 0 60 -33 -68 0 
58 -32 -70 0 55 -42 -70 0 53 -46 -72 0 52 -47 -73 0 53 -42 -71 0 55 -39 -68 0 56 
-41 -68 0 56 -39 -70 0 57 -41 -70 0 54 -39 -70 0 51 -34 -72 0 49 -34 -75 0 46 -30 
-74 0 50 -29 -75 0 51 -30 -76 0 54 -31 -77 0 53 -37 -78 0 51 -41 -75 0 51 -43 -75 
1 48 -52 -79 1 48 -52 -79 1 46 -46 -81 1 45 -36 -84 1 45 -30 -87 1 44 -25 -88 1 
46 -28 -87 1 50 -28 -85 1 55 -31 -86 1 53 -36 -87 1 52 -40 -87 1 51 -42 -85 1 48 
-44 -85 1 43 -40 -85 1 39 -36 -86 1 40 -35 -85 1 40 -33 -85 1 42 -30 -87 1 40 -29 
-85 1 40 -34 -85 1 41 -41 -85 1 45 -47 -87 1 48 -48 -88 1 48 -42 -87 1 44 -32 -85 
1 40 -25 -85 1 39 -21 -86 1 40 -20 -87 1 42 -23 -88 1 43 -28 -88 1 38 -32 -88 1 
35 -34 -87 1 33 -34 -87 1 35 -27 -88 1 39 -17 -88 1 41 -17 -90 1 42 -17 -94 1 45 
-16 -98 1 57 -5 -107 1 65 -14 -116 1 54 -28 -121 1 42 -39 -114 1 32 -41 -100 1 30 -40 
-90 1 30 -35 -82 1 34 -32 -75 1 29 -26 -75 1 25 -24 -75 1 23 -23 -77 1 25 -22 -80 
1 33 -31 -87 1 38 -35 -92 1 40 -33 -97 1 39 -30 -97 1 35 -29 -96 1 33 -28 -94 1 
35 -28 -90 1 40 -29 -89 1 37 -32 -88 1 34 -30 -87 1 28 -25 -85 1 25 -23 -84 1 24 
-24 -85 1 28 -28 -87 1 38 -38 -87 1 46 -47 -91 1 44 -47 -92 1 38 -38 -92 1 33 -25 
-91 1 29 -16 -91 1 29 -16 -88 1 28 -21 -87 1 28 -23 -88 1 30 -27 -90 1 33 -30 -91 
1 32 -31 -92 1 32 -28 -93 1 32 -28 -92 1 38 -36 -93 1 39 -38 -93 1 38 -35 -92 1 
36 -30 -92 1 29 -25 -91 1 24 -31 -91 1 14 -26 -84 1 11 -22 -85 1 15 -24 -87 1 22 
-29 -87 1 29 -31 -89 1 34 -32 -91 1 32 -24 -95 1 28 -14 -97 1 27 -12 -97 1 27 -20 
-98 1 27 -25 -97 1 26 -31 -96 1 27 -36 -95 1 26 -31 -93 1 30 -34 -93 1 29 -38 -95 
1 26 -40 -95 1 24 -38 -95 1 24 -33 -99 1 27 -28 -100 1 30 -28 -97 1 28 -31 -94 1 
24 -29 -91 1 23 -30 -89 1 17 -33 -86 1 16 -33 -88 1 18 -36 -90 1 20 -36 -93 1 24 
-37 -94 1 27 -38 -95 1 27 -37 -94 1 25 -36 -93 1 26 -32 -91 1 23 -26 -89 1 16 -20 
-91 1 13 -18 -95 1 17 -19 -97 1 22 -24 -97 1 27 -28 -102 1 24 -26 -99 1 25 -27 -98 
1 28 -31 -96 1 31 -34 -97 1 33 -34 -95 2 27 -37 -92 2 21 -38 -90 2 15 -39 -87 2 
11 -42 -83 2 13 -41 -79 2 18 -44 -78 2 19 -45 -79 2 19 -42 -81 2 17 -38 -82 2 15 
-32 -82 2 15 -32 -84 2 17 -30 -84 2 20 -31 -86 2 18 -35 -85 2 13 -37 -86 2 10 -37 
-87 2 12 -36 -87 2 14 -38 -88 2 19 -42 -91 2 23 -44 -94 2 29 -43 -98 2 28 -41 -99 
2 23 -34 -101 2 20 -29 -101 2 18 -32 -101 2 17 -35 -101 2 18 -39 -101 2 20 -40 -99 2 
22 -40 -98 2 22 -40 -96 2 18 -43 -91 2 16 -45 -89 2 13 -44 -86 2 12 -43 -85 2 13 
-40 -84 2 16 -37 -85 2 18 -34 -87 2 17 -32 -87 2 14 -33 -86 2 12 -41 -85 2 9 -43 
-84 2 15 -45 -88 2 16 -44 -90 2 24 -39 -93 2 24 -35 -93 2 21 -30 -94 2 15 -29 -92 
2 16 -28 -91 2 19 -29 -91 2 22 -33 -92 2 21 -35 -93 2 17 -39 -94 2 15 -40 -93 2 
17 -42 -90 2 18 -41 -91 2 19 -35 -91 2 17 -32 -89 2 15 -31 -90 2 15 -35 -91 2 16 
-37 -92 2 18 -37 -91 2 16 -36 -90 2 14 -37 -89 2 15 -37 -89 2 17 -33 -89 2 18 -30 
-91 2 18 -30 -92 2 19 -31 -93 2 19 -34 -94 2 17 -34 -93 2 16 -36 -91 2 14 -41 -90 
2 14 -41 -88 2 16 -43 -87 2 17 -41 -87 2 15 -38 -88 2 13 -37 -89 2 13 -34 -90 2 
16 -31 -93 2 17 -32 -93 2 17 -33 -92 2 16 -38 -91 2 15 -40 -90 2 14 -42 -91 2 13 
-39 -89 2 14 -36 -88 2 13 -37 -89 2 13 -39 -89 2 14 -42 -89 2 15 -40 -91 2 15 -37 
-92 2 16 -35 -92 2 15 -34 -91 2 11 -35 -92 2 11 -35 -91 2 13 -35 -90 2 12 -39 -93 
2 13 -38 -92 2 14 -37 -90 2 14 -36 -89 2 12 -36 -88 2 10 -43 -88 2 11 -43 -87 2 
13 -40 -88 2 13 -37 -90 2 12 -37 -91 2 12 -35 -91 2 12 -35 -90 2 11 -35 -90 2 10 
-38 -90 2 10 -35 -91 2 9 -35 -93 2 8 -35 -92 2 5 -35 -90 2 -1 -35 -88 2 1 -38 
-86 2 6 -39 -85 2 11 -38 -87 2 13 -42 -89 2 14 -44 -91 2 13 -39 -92 2 12 -34 -91 
2 9 -29 -95 2 10 -32 -98 2 10 -32 -94 2 5 -34 -94 2 7 -28 -97 2 6 -30 -97 3 
10 -38 -103 3 12 -39 -107 3 20 -29 -89 3 -2 -25 -120 3 10 -15 -96 3 8 -23 -102 3 13 
-14 -106 3 13 -21 -101 3 12 -25 -99 3 6 -30 -97 3 3 -25 -91 3 6 -21 -87 3 5 -23 
-89 3 5 -28 -84 3 11 -41 -102 3 12 -34 -82 3 8 -21 -97 3 12 -18 -98 3 1 -31 -114 
3 9 -23 -101 3 13 -25 -95 3 7 -20 -103 3 7 -9 -98 3 14 -15 -101 3 14 -19 -96 3 
11 -17 -96 3 9 -11 -99 3 8 -13 -94 3 -1 4 6 3 -3 -1 -19 3 4 -6 -44 3 38 
-10 -121 3 7 -29 -200 3 15 -19 -200 3 14 18 -109 3 18 12 -47 3 1 7 -55 3 8 -8 
-69 3 6 -17 -72 3 6 -5 -103 3 12 -1 -121 3 13 1 -132 3 10 0 -114 3 10 -1 -90 
3 7 -3 -82 3 8 -2 -92 3 9 -1 -104 3 10 -1 -108 3 9 -1 -106 3 9 -2 -98 3 
9 -2 -96 3 10 -2 -98 3 9 -1 -101 3 9 -2 -101 3 9 -2 -100 3 9 -2 -100 3 9 
-2 -98 3 10 -2 -99 3 9 -1 -100 3 9 -1 -102 3 9 -2 -101 3 9 -1 -99 3 9 -2 
-98 3 9 -2 -99 3 9 -2 -100 3 9 -2 -100 3 9 -2 -100 3 10 -2 -99 3 9 -2 -99 
3 9 -1 -99 3 9 -2 -100 3 9 -1 -100 3 9 -2 -100 3 9 -1 -99 3 9 -1 -99 3 
9 -1 -99 3 9 -1 -100 3 9 -1 -101 3 9 -1 -100 3 10 -1 -99 3 9 -2 -100 3 9 
-1 -100 3 9 -1 -99 3 10 -1 -100 3 9 -1 -100 3 9 -1 -100 3 9 -1 -99 3 9 -1 
-99 3 9 -1 -100 3 9 -1 -100 3 9 -1 -101 3 9 -1 -100 3 9 -2 -100 3 9 -1 -100 
3 9 -1 -100 3 9 -1 -100 3 9 -1 -99 3 9 -1 -100 3 9 -1 -99 3 9 -1 -99 3 
9 -1 -100 3 9 -1 -100 3 9 -1 -100 3 9 -1 -100 3 9 -1 -100 3 10 -1 -100 3 9 
-1 -100 3 9 -1 -100 3 9 -1 -100 3 9 -1 -100 3 9 -1 -100 3 10 -1 -99 3 9 -1 
-100 3 9 -1 -100 3 9 -1 -99 3 9 -1 -100 3 9 -1 -100 3 9 -1 -100 3 9 -1 -100 
3 9 -1 -100 3 9 -1 -100 3 10 -1 -99 3 9 -1 -100 3 9 -1 -100 3 9 -1 -99 3 
9 -1 -100 3 9 -1 -100 3 9 -1 -100 4 9 -1 -99 4 9 -1 -100 4 9 -1 -99 4 9 
-1 -100 4 9 -1 -99 4 9 -1 -100 4 9 -1 -100 4 10 -1 -100 4 10 0 -100 4 9 -1 
-100 4 9 -1 -100 4 9 -1 -99 4 9 -1 -99 4 9 -1 -99 4 9 -1 -99 4 9 -1 -99 
4 9 -1 -100 4 9 -1 -100 4 9 -1 -100 4 9 0 -100 4 9 -1 -99 4 10 -1 -99 4 
9 -1 -100 4 9 -1 -100 4 9 -1 -100 4 9 -1 -99 4 9 -1 -99 4 9 -1 -100 4 9 
-1 -100 4 9 -1 -100 4 9 -1 -100 4 9 -1 -100 4 9 -1 -99 4 10 -1 -100 4 9 -1 
-99 4 9 -1 -100 4 9 0 -100 4 9 -1 -100 4 9 0 -99 4 9 -1 -100 4 9 -1 -99 
4 9 -1 -100 4 9 0 -100 4 9 -1 -99 4 9 -1 -99 4 9 -1 -99 4 9 -1 -100 4 
9 -1 -101 4 9 0 -100 4 9 -1 -100 4 9 -1 -99 4 9 -1 -99 4 9 -1 -100 4 9 
-1 -100 4 9 -1 -99 4 9 -1 -99 4 9 -1 -99 4 9 -1 -100 4 9 -1 -99 4 9 -1 
-100 4 9 -1 -100 4 10 -1 -99 4 9 0 -100 4 9 -1 -100 4 9 0 -99 4 9 0 -100 
4 9 0 -99 4 9 -1 -100 4 9 0 -100 4 10 -1 -100 4 9 0 -100 4 9 -1 -99 4 
9 -1 -99 4 9 -1 -100 4 9 -1 -100 4 9 -1 -99 4 9 -1 -100 4 9 -1 -100 4 9 
-1 -99 4 9 -1 -99 4 9 -1 -100 4 9 -1 -100 4 9 -1 -99 4 9 -1 -101 4 9 -1 
-100 4 9 0 -100 4 9 0 -100 4 10 -1 -99 4 9 0 -100 4 9 0 -100 4 9 -1 -99 
4 10 -1 -100 4 9 0 -100 4 9 0 -99 4 9 0 -100 4 9 0 -100 4 9 -1 -100 4 
10 0 -100 4 9 -1 -99 4 9 -1 -100 4 9 -1 -99 4 9 0 -100 4 9 -1 -99 4 9 
-1 -100 4 9 -1 -99 4 9 -1 -99 4 9 -1 -100 4 10 -1 -100 4 9 0 -100 4 9 -1 
-100 4 9 -1 -100 4 9 0 -100 4 9 -1 -100 4 9 0 -99 4 9 -1 -100 4 9 0 -100 
4 9 -1 -100 4 9 -1 -100 4 9 0 -100 4 9 -1 -100 4 9 -1 -99 4 9 -1 -100 4 
9 -1 -99 4 9 -1 -99 4 9 -1 -100 4 9 -1 -99 4 9 0 -100 4 9 -1 -100 5 9 
0 -100 5 9 -1 -100 5 9 -1 -100 5 9 0 -99 5 9 -1 -100 5 9 -1 -100 5 9 0 
-100 5 10 -1 -100 5 10 -1 -100 5 9 0 -100 5 9 -1 -99 5 9 -1 -99 5 9 0 -100 
5 9 0 -99 5 9 0 -100 5 9 -1 -100 5 9 -1 -100 5 9 0 -99 5 9 -1 -100 5 
9 -1 -100 5 9 -1 -100 5 9 -1 -100 5 10 0 -100 5 10 0 -99 5 9 -1 -100 5 9 
-1 -100 5 9 0 -99 5 9 -1 -99 5 9 -1 -100 5 9 -1 -100 5 9 -1 -99 5 9 -1 
-100 5 9 -1 -100 5 9 0 -99 5 9 -1 -99 5 9 0 -100 5 9 0 -100 5 9 -1 -99 
5 9 -1 -100 5 9 -1 -100 5 9 0 -100 5 9 0 -100 5 9 0 -100 5 9 0 -100 5 
9 0 -99 5 9 0 -99 5 10 -1 -100 5 10 0 -99 5 10 0 -99 5 10 0 -100 5 10 
0 -100 5 10 -1 -100 5 9 -1 -99 5 9 -1 -100 5 10 -1 -100 5 9 0 -100 5 9 -1 
-100 5 9 0 -100 5 9 0 -99 5 8 0 -99 5 9 0 -99 5 9 -1 -101 5 9 0 -100 
5 9 0 -100 5 8 0 -100 5 9 0 -100 5 9 0 -100 5 9 -1 -100 5 9 -1 -100 5 
9 0 -100 5 9 -1 -100 5 10 0 -100 5 10 0 -99 5 9 -1 -99 5 9 0 -100 5 9 
0 -100 5 10 0 -100 5 10 0 -99 5 10 -1 -100 5 9 -1 -99 5 9 0 -99 5 9 -1 
-100 5 9 -1 -99 5 9 -1 -100 5 9 0 -100 5 9 0 -99 5 9 0 -100 5 9 -1 -100 
5 9 0 -100 5 9 0 -100 5 9 0 -100 5 9 0 -99 5 9 0 -99 5 9 0 -100 5 
10 0 -99 5 9 0 -101 5 10 0 -101 5 9 0 -98 5 9 0 -100 5 9 0 -101 5 9 
0 -98 5 9 -1 -100 5 10 0 -101 5 9 -1 -98 5 9 -1 -101 5 9 0 -99 5 9 -1 
-99 5 9 0 -101 5 9 -1 -100 5 9 -1 -100 5 10 0 -99 5 9 -1 -98 5 9 -1 -100 
5 9 0 -101 5 9 0 -99 5 9 0 -100 5 9 0 -100 5 9 0 -99 5 9 0 -100 5 
9 0 -100 5 10 0 -99 5 10 0 -100 5 9 0 -101 5 9 -1 -99 5 10 -1 -100 5 9 
0 -99 5 9 0 -100 5 9 0 -101 6 9 -1 -100 6 9 0 -100 6 9 0 -100 6 9 -1 
-99 6 9 0 -100 6 9 0 -100 6 9 -1 -99 6 9 -1 -100 6 9 0 -100 6 9 0 -99 
6 9 0 -100 6 9 0 -100 6 9 0 -99 6 10 0 -100 6 9 0 -99 6 9 0 -100 6 
9 0 -101 6 9 0 -100 6 9 0 -99 6 9 0 -100 6 9 0 -100 6 9 0 -100 6 9 
-1 -100 6 9 0 -100 6 9 -1 -100 6 9 0 -100 6 9 0 -99 6 9 -1 -100 6 10 0 
-100 6 9 -1 -99 6 9 0 -100 6 9 -1 -99 6 9 0 -99 6 9 0 -100 6 9 0 -99 
6 9 0 -100 6 9 0 -100 6 9 0 -100 6 9 0 -100 6 9 0 -100 6 9 0 -100 6 
9 0 -100 6 9 0 -100 6 9 0 -99 6 10 0 -100 6 9 0 -100 6 9 0 -100 6 9 
0 -99 6 9 0 -100 6 9 -1 -100 6 9 0 -100 6 10 0 -100 6 9 0 -100 6 9 0 
-100 6 9 -1 -99 6 9 0 -99 6 9 0 -100 6 9 0 -99 6 9 -1 -100 6 9 0 -100 
6 9 0 -101 6 9 0 -100 6 9 0 -100 6 9 0 -99 6 9 0 -100 6 9 0 -100 6 
9 0 -100 6 9 -1 -99 6 9 0 -100 6 9 0 -100 6 9 0 -100 6 9 0 -100 6 9 
0 -100 6 9 0 -99 6 9 0 -100 6 9 0 -100 6 9 -1 -100 6 9 0 -100 6 9 -1 
-99 6 9 0 -99 6 9 -1 -100 6 9 0 -99 6 9 0 -99 6 9 0 -100 6 10 -1 -100 
6 9 0 -99 6 9 0 -100 6 9 0 -100 6 9 0 -100 6 9 0 -100 6 9 0 -100 6 
9 0 -100 6 9 0 -101 6 9 0 -99 6 9 0 -100 6 9 0 -100 6 9 0 -99 6 9 
0 -100 6 9 0 -100 6 9 0 -100 6 9 0 -100 6 9 0 -100 6 10 0 -100 6 9 0 
-100 6 9 -1 -101 6 9 0 -100 6 9 -1 -100 6 9 0 -100 6 9 0 -100 6 9 0 -100 
6 9 0 -100 6 9 0 -100 6 9 0 -100 6 9 0 -100 6 9 0 -99 6 9 -1 -99 6 
9 -1 -100 6 9 0 -99 6 9 -1 -100 6 9 0 -100 6 9 0 -100 6 10 0 -100 6 9 
0 -100 6 9 0 -99 6 10 0 -99 6 9 0 -99 6 9 0 -101 6 9 0 -99 7 9 0 
-100 7 9 0 -100 7 9 0 -100 7 9 0 -99 7 9 -1 -101 7 9 0 -100 7 9 0 -100 
7 9 0 -100 7 9 0 -100 7 9 0 -100 7 9 0 -100 7 9 0 -100 7 9 0 -100 7 
9 0 -100 7 9 0 -100 7 9 0 -100 7 9 0 -100 7 9 0 -100 7 9 0 -99 7 9 
0 -100 7 9 0 -99 7 9 0 -100 7 9 0 -100 7 9 0 -100 7 9 0 -100 7 9 0 
-100 7 9 0 -100 7 9 -1 -99 7 9 -1 -100 7 9 0 -99 7 9 -1 -102 7 9 0 -101 
7 9 0 -97 7 9 -1 -101 7 9 0 -100 7 9 0 -98 7 9 0 -102 7 9 0 -101 7 
9 0 -97 7 9 0 -101 7 9 0 -100 7 9 0 -98 7 9 0 -102 7 9 0 -99 7 9 
0 -99 7 9 0 -100 7 9 0 -98 7 9 0 -100 7 10 0 -101 7 9 0 -99 7 9 0 
-100 7 9 0 -99 7 9 0 -101 7 9 0 -101 7 9 0 -98 7 9 0 -100 7 9 0 -100 
7 9 0 -98 7 9 0 -101 7 9 0 -100 7 9 -1 -98 7 9 0 -101 7 9 0 -99 7 
9 0 -99 7 9 0 -100 7 9 0 -99 7 9 0 -101 7 9 0 -100 7 9 0 -98 7 9 
0 -101 7 9 0 -98 7 9 0 -98 7 9 0 -102 7 9 0 -100 7 9 0 -98 7 9 0 
-101 7 9 0 -98 7 9 0 -101 7 9 0 -99 7 9 0 -98 7 9 0 -100 7 9 0 -99 
7 9 0 -98 7 9 0 -101 7 9 0 -99 7 9 0 -100 7 9 0 -100 7 9 0 -99 7 
9 0 -99 7 9 0 -101 7 9 0 -99 7 9 0 -101 7 9 0 -100 7 9 0 -100 7 9 
0 -99 7 10 0 -99 7 9 0 -99 7 9 0 -100 7 9 0 -100 7 9 0 -99 7 9 0 
-100 7 9 0 -99 7 9 0 -100 7 9 0 -100 7 9 -1 -100 7 9 0 -100 7 9 0 -99 
7 9 0 -100 7 9 0 -100 7 9 0 -100 7 9 0 -100 7 9 0 -100 7 9 0 -99 7 
9 0 -99 7 9 0 -100 7 9 0 -100 7 9 0 -101 7 9 0 -99 7 9 0 -99 7 9 
0 -99 7 9 0 -100 7 9 0 -99 7 9 0 -100 7 9 0 -100 7 9 0 -99 7 9 0 
-100 7 9 0 -99 7 9 0 -100 8 9 0 -100 8 9 0 -99 8 9 0 -99 8 9 -1 -100 
8 9 0 -100 8 9 0 -100 8 9 0 -100 8 9 0 -100 8 9 0 -100 8 9 0 -99 8 
9 0 -100 8 9 0 -99 8 9 0 -100 8 9 0 -100 8 9 0 -100 8 9 0 -100 8 9 
0 -100 8 9 0 -100 8 9 0 -99 8 9 0 -100 8 10 0 -100 8 9 0 -100 8 9 0 
-100 8 9 -1 -100 8 9 0 -100 8 9 0 -100 8 9 0 -101 8 9 0 -99 8 9 0 -99 
8 9 0 -100 8 9 0 -99 8 9 0 -100 8 10 0 -100 8 9 0 -100 8 9 0 -99 8 
9 0 -99 8 9 0 -100 8 9 0 -99 8 9 0 -99 8 9 0 -100 8 9 0 -99 8 9 
0 -99 8 9 0 -100 8 9 0 -99 8 9 0 -100 8 9 0 -100 8 9 0 -100 8 9 0 
-100 8 9 0 -100 8 9 0 -99 8 9 0 -100 8 9 0 -100 8 9 0 -100 8 9 0 -100 
8 9 0 -99 8 9 0 -100 8 9 0 -100 8 9 0 -100 8 9 0 -100 8 10 0 -99 8 
9 0 -100 8 9 0 -99 8 9 0 -99 8 9 0 -99 8 10 0 -100 8 9 0 -99 8 9 
0 -99 8 9 0 -99 8 9 0 -99 8 9 0 -100 8 9 0 -99 8 9 0 -100 8 9 0 
-100 8 9 0 -99 8 9 0 -100 8 9 0 -99 8 9 0 -100 8 9 0 -100 8 9 0 -100 
8 9 0 -100 8 9 0 -100 8 9 0 -100 8 9 0 -100 8 9 0 -99 8 9 0 -99 8 
9 0 -100 8 9 0 -100 8 9 0 -100 8 9 0 -99 8 9 0 -100 8 9 0 -99 8 10 
0 -100 8 10 0 -100 8 9 0 -99 8 10 0 -99 8 9 0 -100 8 9 0 -100 8 9 0 
-100 8 9 0 -100 8 9 0 -100 8 9 0 -99 8 9 0 -99 8 9 0 -102 8 9 0 -98 
8 9 0 -99 8 9 0 -101 8 9 0 -98 8 9 0 -100 8 9 0 -101 8 9 0 -98 8 
9 0 -101 8 9 0 -100 8 9 0 -98 8 9 0 -101 8 9 0 -99 8 9 0 -99 8 9 
0 -100 8 9 0 -99 8 9 0 -100 8 9 0 -100 8 9 0 -98 8 9 0 -101 8 9 0 
-99 8 9 0 -99 8 9 0 -101 8 9 0 -99 8 9 0 -100 8 9 0 -100 9 10 0 -99 
9 9 0 -100 9 9 0 -99 9 9 0 -100 9 9 0 -100 9 9 0 -99 9 9 0 -100 9 
9 0 -100 9 9 0 -100 9 9 0 -100 9 9 0 -100 9 9 0 -99 9 9 0 -100 9 9 
0 -99 9 9 0 -99 9 9 -1 -100 9 9 0 -99 9 10 0 -99 9 9 0 -100 9 9 0 
-99 9 9 0 -100 9 9 0 -100 9 9 0 -99 9 10 0 -100 9 9 0 -100 9 9 0 -100 
9 9 0 -99 9 9 0 -99 9 9 0 -100 9 9 0 -100 9 9 0 -99 9 9 0 -100 9 
9 0 -99 9 9 -1 -100 9 9 0 -99 9 9 0 -100 9 9 0 -100 9 9 0 -100 9 9 
0 -99 9 9 0 -99 9 9 0 -100 9 9 0 -101 9 9 0 -100 9 9 0 -99 9 9 0 
-100 9 9 0 -100 9 9 0 -100 9 9 0 -99 9 9 0 -100 9 9 0 -100 9 9 0 -100 
9 9 0 -99 9 9 0 -99 9 9 0 -99 9 9 -1 -100 9 9 0 -100 9 9 0 -100 9 
9 0 -100 9 9 0 -101 9 10 0 -100 9 9 0 -99 9 9 0 -99 9 9 0 -100 9 9 
0 -100 9 9 0 -101 9 9 0 -100 9 9 0 -100 9 9 0 -99 9 9 0 -99 9 9 0 
-99 9 9 0 -100 9 9 0 -100 9 9 0 -99 9 9 0 -100 9 9 0 -99 9 9 0 -99 
9 10 0 -100 9 9 0 -100 9 9 0 -100 9 9 0 -99 9 9 0 -99 9 9 0 -100 9 
9 0 -99 9 9 0 -100 9 9 0 -100 9 9 0 -99 9 9 0 -99 9 10 0 -99 9 9 
0 -100 9 9 0 -100 9 9 0 -101 9 9 0 -100 9 10 0 -100 9 9 0 -100 9 9 0 
-100 9 9 0 -100 9 9 0 -99 9 9 0 -100 9 9 0 -100 9 9 0 -99 9 9 0 -100 
9 9 0 -100 9 9 0 -99 9 9 0 -100 9 9 0 -99 9 9 0 -99 9 9 0 -100 9 
9 0 -100 9 9 0 -100 9 9 0 -100 9 9 0 -99 9 9 0 -100 9 9 0 -99 9 9 
0 -99 9 9 0 -100 9 9 0 -100 9 9 0 -100 9 9 0 -100 9 9 0 -99 9 9 0 
-99 9 9 -1 -100 9 9 0 -100 9 9 0 -99 9 9 0 -99 9 9 0 -100 9 9 0 -99 
9 9 0 -100 9 9 0 -100 10 9 0 -100 10 9 0 -99 10 9 0 -100 10 9 0 -100 10 
9 0 -99 10 9 0 -100 10 9 0 -100 10 9 0 -99 10 9 0 -100 10 9 0 -99 10 9 
0 -99 10 8 0 -100 10 9 0 -100 10 9 0 -100 10 9 0 -100 10 9 0 -100 10 9 0 
-99 10 9 0 -100 10 9 0 -100 10 9 0 -100 10 9 0 -100 10 9 0 -99 10 9 0 -100 
10 9 0 -100 10 9 0 -100 10 9 0 -100 10 10 0 -99 10 9 0 -100 10 9 0 -100 10 
9 0 -99 10 9 0 -100 10 9 0 -100 10 9 -1 -99 10 9 0 -99 10 9 0 -99 10 9 
0 -99 10 9 0 -100 10 9 0 -100 10 9 0 -99 10 9 0 -100 10 9 0 -99 10 9 0 
-99 10 9 0 -100 10 9 0 -100 10 10 0 -100 10 9 0 -100 10 9 0 -99 10 9 0 -100 
10 9 0 -100 10 9 0 -100 10 9 0 -100 10 9 0 -100 10 9 0 -99 10 9 0 -100 10 
9 0 -100 10 9 0 -100 10 9 0 -99 10 9 0 -100 10 9 0 -99 10 9 0 -99 10 9 
0 -100 10 9 0 -100 10 9 0 -100 10 9 0 -100 10 9 0 -100 10 9 0 -100 10 9 0 
-100 10 9 0 -100 10 9 0 -100 10 9 0 -100 10 9 0 -100 10 9 0 -99 10 9 0 -100 
10 9 0 -100 10 9 0 -99 10 9 0 -99 10 9 0 -100 10 9 0 -100 10 9 0 -99 10 
9 0 -100 10 9 0 -99 10 9 0 -100 10 9 0 -99 10 9 0 -100 10 9 0 -100 10 9 
0 -99 10 9 0 -100 10 10 0 -100 10 9 0 -100 10 9 0 -99 10 9 0 -100 10 10 0 
-100 10 9 0 -100 10 9 0 -100 10 9 0 -100 10 9 0 -100 10 9 -1 -100 10 9 0 -99 
10 9 0 -100 10 9 0 -100 10 9 0 -100 10 9 0 -99 10 9 0 -100 10 9 0 -100 10 
9 0 -100 10 9 0 -99 10 9 0 -100 10 9 0 -99 10 9 0 -99 10 9 0 -100 10 9 
0 -100 10 9 0 -100 10 9 0 -100 10 9 0 -100 10 10 0 -99 10 9 0 -100 10 9 0 
-100 10 9 0 -100 10 9 0 -99 10 9 0 -100 10 9 -1 -99 10 9 0 -100 10 9 0 -99 
10 9 0 -101 10 9 0 -100 10 9 0 -100 10 9 0 -100 10 9 0 -100 11 9 0 -99 11 
9 0 -100 11 9 0 -100 11 9 0 -100 11 9 0 -99 11 9 0 -99 11 9 0 -100 11 9 
0 -100 11 9 0 -100 11 9 0 -100 11 9 0 -100 11 9 0 -99 11 9 0 -100 11 9 0 
-100 11 9 0 -99 11 9 0 -99 11 9 0 -99 11 9 0 -100 11 9 0 -100 11 10 0 -100 
11 9 0 -99 11 9 -1 -100 11 9 0 -99 11 9 0 -99 11 9 0 -100 11 9 0 -100 11 
9 0 -100 11 9 0 -100 11 9 0 -100 11 9 0 -100 11 9 0 -100 11 9 0 -100 11 9 
0 -100 11 9 0 -99 11 9 0 -100 11 9 0 -99 11 9 0 -99 11 9 0 -100 11 9 0 
-99 11 9 0 -100 11 9 0 -99 11 9 0 -100 11 9 0 -100 11 9 0 -100 11 9 0 -99 
11 10 -1 -102 11 9 0 -97 11 9 0 -99 11 9 0 -101 11 10 0 -98 11 9 0 -99 11 
10 0 -102 11 9 0 -98 11 9 0 -99 11 10 0 -101 11 9 0 -98 11 10 0 -101 11 9 
0 -100 11 9 0 -99 11 9 0 -100 11 9 0 -99 11 9 0 -100 11 9 0 -101 11 9 0 
-99 11 9 0 -100 11 9 0 -101 11 9 0 -99 11 9 0 -99 11 9 0 -101 11 9 0 -99 
11 9 0 -100 11 9 0 -101 11 9 0 -99 11 9 0 -99 11 9 0 -99 11 9 0 -100 11 
9 0 -101 11 9 0 -99 11 9 0 -100 11 9 0 -99 11 9 0 -100 11 9 0 -100 11 9 
0 -99 11 9 0 -100 11 9 0 -100 11 9 0 -99 11 9 0 -100 11 9 0 -100 11 9 0 
-100 11 9 0 -100 11 9 0 -100 11 9 0 -99 11 9 0 -99 11 9 0 -100 11 9 0 -100 
11 9 0 -100 11 9 0 -99 11 9 0 -99 11 9 0 -100 11 9 0 -101 11 9 0 -99 11 
9 0 -100 11 9 0 -100 11 9 0 -98 11 9 0 -100 11 9 0 -100 11 9 0 -99 11 9 
0 -100 11 9 0 -100 11 9 0 -100 11 9 0 -100 11 9 0 -100 11 9 0 -100 11 9 0 
-100 11 9 0 -99 11 9 0 -99 11 9 0 -100 11 9 0 -100 11 9 0 -100 11 9 0 -101 
11 9 0 -100 11 9 0 -100 11 9 0 -99 11 9 0 -99 11 9 0 -99 11 9 0 -100 11 
9 0 -100 11 9 0 -100 12 9 0 -99 12 9 0 -99 12 9 0 -100 12 9 0 -99 12 9 
0 -100 12 9 0 -100 12 9 0 -99 12 9 0 -99 12 9 0 -99 12 9 0 -99 12 9 0 
-100 12 9 0 -100 12 9 0 -98 12 9 0 -101 12 9 0 -99 12 9 0 -98 12 9 0 -101 
12 9 0 -100 12 9 0 -98 12 9 0 -100 12 9 0 -99 12 9 0 -100 12 9 0 -102 12 
9 0 -99 12 8 0 -100 12 9 0 -100 12 9 0 -98 12 9 0 -100 12 9 0 -101 12 9 
0 -98 12 9 0 -100 12 9 0 -100 12 9 0 -99 12 9 0 -100 12 9 0 -100 12 9 0 
-100 12 9 0 -100 12 9 0 -99 12 9 0 -99 12 9 0 -101 12 9 0 -99 12 9 0 -100 
12 10 0 -102 12 8 0 -98 12 9 0 -100 12 9 0 -100 12 9 0 -98 12 9 0 -100 12 
9 0 -102 12 9 0 -97 12 9 0 -100 12 9 0 -100 12 9 0 -98 12 9 -1 -101 12 9 
0 -100 12 9 0 -98 12 10 0 -100 12 9 0 -99 12 9 0 -99 12 9 0 -101 12 9 0 
-100 12 9 0 -99 12 9 0 -100 12 9 0 -99 12 9 0 -99 12 9 0 -100 12 9 0 -99 
12 9 0 -100 12 9 0 -100 12 9 0 -99 12 9 0 -99 12 9 0 -100 12 10 0 -100 12 
9 0 -100 12 9 0 -100 12 9 0 -99 12 9 0 -100 12 9 0 -100 12 9 0 -100 12 9 
0 -100 12 9 0 -100 12 9 0 -100 12 9 0 -100 12 9 0 -100 12 9 0 -100 12 9 0 
-100 12 9 0 -100 12 9 0 -99 12 9 0 -100 12 9 0 -99 12 9 0 -100 12 9 0 -100 
12 9 0 -100 12 9 0 -99 12 9 0 -100 12 9 0 -100 12 9 0 -99 12 9 0 -100 12 
9 0 -100 12 9 0 -100 12 9 0 -100 12 9 0 -100 12 9 0 -100 12 9 0 -100 12 9 
0 -100 12 9 0 -100 12 9 0 -100 12 9 0 -100 12 9 0 -101 12 9 0 -100 12 9 0 
-100 12 9 0 -100 12 9 0 -100 12 9 0 -100 12 9 0 -100 12 9 0 -100 12 9 0 -100 
12 9 0 -100 12 9 0 -99 12 9 0 -99 12 9 0 -100 12 9 0 -100 12 9 0 -100 12 
9 0 -100 12 9 0 -100 12 9 0 -100 12 9 0 -100 12 9 0 -99 13 9 0 -100 13 9 
0 -100 13 9 0 -99 13 9 0 -100 13 9 0 -99 13 9 0 -100 13 9 0 -100 13 9 0 
-100 13 9 0 -100 13 9 0 -100 13 9 0 -100 13 9 0 -100 13 9 0 -100 13 9 0 -100 
13 9 0 -100 13 9 0 -100 13 9 0 -100 13 9 0 -100 13 9 0 -100 13 9 0 -100 13 
9 0 -100 13 9 0 -100 13 9 0 -100 13 9 0 -100 13 9 0 -100 13 9 0 -100 13 9 
0 -99 13 9 0 -100 13 9 0 -100 13 9 0 -100 13 9 0 -100 13 9 0 -99 13 9 0 
-100 13 9 0 -100 13 9 0 -100 13 9 0 -100 13 9 0 -100 13 9 0 -100 13 9 0 -100 
13 9 0 -100 13 9 0 -100 13 9 0 -100 13 9 0 -100 13 9 0 -100 13 9 0 -99 13 
9 0 -100 13 9 0 -100 13 9 0 -100 13 9 0 -100 13 9 0 -100 13 9 0 -100 13 9 
0 -100 13 9 0 -100 13 9 0 -99 13 9 0 -100 13 9 0 -100 13 9 0 -99 13 9 0 
-99 13 9 0 -100 13 9 0 -100 13 9 0 -99 13 9 0 -100 13 9 0 -100 13 9 0 -100 
13 9 0 -100 13 9 0 -100 13 9 0 -99 13 9 0 -100 13 9 0 -100 13 9 0 -100 13 
9 0 -100 13 9 0 -100 13 9 0 -99 13 9 0 -99 13 9 0 -100 13 9 0 -99 13 9 
0 -100 13 9 0 -100 13 9 0 -99 13 9 0 -100 13 9 0 -100 13 9 0 -100 13 9 0 
-100 13 9 0 -100 13 9 0 -99 13 9 0 -100 13 9 0 -99 13 9 0 -100 13 9 0 -100 
13 9 0 -98 13 9 0 -101 13 9 0 -99 13 9 0 -99 13 9 0 -101 13 9 0 -98 13 
9 0 -98 13 9 0 -101 13 9 0 -99 13 9 0 -99 13 9 0 -101 13 9 0 -99 13 9 
0 -101 13 9 0 -100 13 9 0 -99 13 9 0 -100 13 10 0 -100 13 9 0 -100 13 9 0 
-100 13 9 0 -100 13 9 0 -100 13 9 0 -100 13 9 0 -100 13 9 0 -100 13 9 0 -100 
13 9 0 -100 13 9 0 -99 13 9 0 -100 13 9 0 -100 13 9 0 -99 13 9 0 -100 13 
9 0 -100 13 9 0 -100 13 9 0 -100 13 9 0 -99 13 9 0 -101 13 9 0 -100 13 9 
0 -100 13 9 0 -100 14 9 0 -100 14 9 0 -99 14 9 0 -99 14 9 0 -100 14 9 0 
-100 14 9 0 -100 14 9 0 -100 14 9 0 -99 14 10 0 -99 14 9 0 -100 14 9 0 -100 
14 9 0 -100 14 9 0 -99 14 9 0 -100 14 9 0 -100 14 9 0 -100 14 9 0 -100 14 
9 0 -100 14 9 0 -99 14 9 0 -99 14 9 0 -101 14 9 0 -100 14 9 0 -100 14 9 
0 -100 14 9 0 -100 14 9 0 -100 14 9 0 -100 14 9 0 -100 14 9 0 -100 14 9 0 
-100 14 9 0 -98 14 9 0 -99 14 9 0 -100 14 9 0 -99 14 9 0 -100 14 9 0 -99 
14 9 0 -99 14 9 0 -100 14 9 0 -100 14 9 0 -100 14 9 0 -100 14 9 0 -99 14 
9 0 -100 14 9 0 -100 14 9 0 -100 14 9 0 -100 14 9 0 -100 14 9 0 -100 14 9 
0 -100 14 9 0 -100 14 9 0 -100 14 9 0 -100 14 9 0 -100 14 9 0 -100 14 9 0 
-100 14 9 0 -99 14 9 0 -100 14 10 0 -99 14 9 0 -100 14 9 0 -100 14 9 0 -100 
14 9 0 -100 14 9 0 -100 14 9 0 -100 14 9 0 -100 14 9 0 -100 14 9 0 -100 14 
9 0 -99 14 9 0 -100 14 9 0 -100 14 9 0 -101 14 9 0 -99 14 9 0 -100 14 9 
0 -100 14 9 0 -99 14 9 0 -100 14 9 0 -100 14 9 0 -100 14 9 0 -100 14 9 0 
-100 14 9 0 -100 14 9 0 -100 14 9 0 -100 14 9 0 -100 14 9 0 -100 14 9 0 -100 
14 9 0 -100 14 9 0 -100 14 9 0 -100 14 9 0 -100 14 9 0 -100 14 9 0 -100 14 
9 0 -100 14 9 0 -100 14 10 0 -100 14 9 0 -100 14 9 0 -100 14 9 0 -100 14 9 
0 -100 14 9 0 -100 14 9 0 -100 14 9 0 -101 14 9 0 -100 14 9 0 -100 14 9 0 
-100 14 9 0 -100 14 9 0 -100 14 9 0 -99 14 9 0 -100 14 9 0 -100 14 9 0 -100 
14 9 0 -99 14 9 0 -100 14 9 0 -99 14 9 0 -100 14 9 0 -101 14 9 0 -99 14 
9 0 -99 14 9 0 -99 14 9 0 -100 14 9 0 -100 14 9 0 -100 14 9 0 -99 14 9 
0 -100 14 9 0 -100 14 9 0 -100 14 9 0 -100 14 9 0 -100 15 9 0 -100 15 9 0 
-99 15 9 0 -100 15 9 0 -99 15 9 0 -99 15 9 0 -100 15 9 0 -100 15 9 0 -99 
15 9 0 -100 15 9 0 -100 15 9 0 -100 15 9 0 -100 15 9 0 -100 15 9 0 -100 15 
9 0 -100 15 9 0 -99 15 9 0 -100 15 9 0 -100 15 9 0 -99 15 9 0 -99 15 9 
0 -100 15 9 0 -100 15 9 0 -100 15 9 0 -100 15 9 0 -100 15 9 0 -100 15 9 0 
-99 15 9 0 -100 15 9 0 -100 15 9 -1 -100 15 9 0 -100 15 9 0 -100 15 9 0 -99 
15 9 0 -99 15 9 0 -101 15 9 0 -99 15 9 0 -100 15 9 0 -100 15 9 0 -99 15 
10 0 -100 15 9 0 -99 15 9 0 -100 15 9 0 -100 15 9 0 -100 15 9 0 -99 15 9 
0 -100 15 9 0 -100 15 9 0 -100 15 9 0 -99 15 9 0 -99 15 9 0 -99 15 9 0 
-100 15 9 0 -100 15 8 0 -100 15 9 0 -100 15 9 0 -99 15 9 0 -100 15 9 0 -100 
15 9 0 -100 15 9 0 -100 15 9 0 -100 15 9 0 -99 15 9 0 -100 15 9 0 -98 15 
9 0 -101 15 9 0 -100 15 9 0 -99 15 9 0 -100 15 9 0 -101 15 9 0 -98 15 9 
0 -100 15 9 0 -100 15 9 0 -98 15 9 0 -101 15 9 0 -100 15 9 0 -100 15 9 0 
-100 15 9 0 -100 15 9 0 -100 15 9 0 -100 15 9 0 -99 15 9 0 -100 15 9 0 -100 
15 10 0 -100 15 9 0 -100 15 9 0 -100 15 10 0 -100 15 9 0 -100 15 9 0 -100 15 
9 0 -100 15 9 0 -100 15 9 0 -100 15 9 0 -100 15 9 0 -100 15 9 0 -99 15 9 
0 -99 15 9 0 -100 15 9 0 -100 15 9 0 -100 15 9 0 -100 15 10 0 -100 15 9 0 
-100 15 9 0 -100 15 9 0 -100 15 9 0 -99 15 9 0 -100 15 9 0 -100 15 9 0 -100 
15 9 0 -99 15 9 0 -100 15 9 0 -100 15 9 0 -100 15 9 0 -99 15 9 0 -100 15 
9 0 -100 15 9 0 -100 15 9 0 -100 15 9 0 -99 15 9 0 -100 15 9 0 -100 15 9 
0 -100 15 9 0 -99 15 9 0 -100 15 9 0 -100 15 9 0 -100 15 9 0 -100 15 9 0 
-100 15 9 0 -100 16 9 0 -99 16 9 0 -100 16 9 0 -100 16 9 0 -100 16 9 0 -100 
16 9 0 -100 16 9 0 -100 16 9 0 -100 16 9 0 -99 16 9 0 -100 16 9 0 -100 16 
9 0 -100 16 9 0 -100 16 9 0 -100 16 9 0 -100 16 9 0 -100 16 9 0 -100 16 9 
0 -100 16 9 0 -100 16 9 0 -100 16 9 0 -100 16 9 0 -100 16 9 0 -100 16 10 0 
-100 16 9 0 -100 16 10 0 -100 16 9 0 -100 16 9 0 -101 